#Puzzle 0
0,0,1
0,0,0
0,0,0
0,0,0
1,1,0
1,1,0
#Piezas 0
2,11,1
9,8,7
7,3,5
1,0,9
9,2,5
7,9,2
#Puzzle 1
0,0,0,1,1
1,0,0,1,1
1,0,0,0,0
1,0,0,0,0
#Piezas 1
9,5,11
0,11,5
11,4,9
9,7,2
10,1,7
7,8,9
#Puzzle 2
0, 0, 0, 0, 1
1, 0, 0, 0, 1
1, 0, 0, 0, 0
1, 1, 0, 0, 1
#Puzzle 3
0, 0, 0, 1, 1
0, 0, 0, 0, 1
0, 0, 0, 0, 0
0, 1, 1, 1, 1
#Puzzle 8
1, 0, 0, 1, 1
1, 0, 0, 0, 1
0, 0, 0, 0, 0
1, 0, 0, 0, 0
#Puzzle 9
1, 0, 0, 1, 1
0, 0, 0, 0, 1
1, 0, 0, 0, 0
1, 0, 0, 0, 1
#Puzzle 10
1, 1, 0, 1,
0, 0, 0, 0,
0, 0, 0, 0,
1, 1, 1, 0

